#-store-
#Sun Nov 14 20:34:47 CET 2010
aAcdY0021BD111D15=0.0
aMaxZ0021BD111D15=1.0
aMaxX0021BD111D15=1.0
aMinY0021BD111D15=0.97058827
aAcdZ0021BD111D15=0.0
aAcdX0021BD111D15=0.0
aMaxY0021BD111D15=1.0
aMinZ0021BD111D15=1.060606
aMinX0021BD111D15=1.060606
